symbol,timeframe,variant,period,anchor,trigger,atr,scenario,stop_mode,setups,entered,resolved,tp1_pct,tp2_pct,sl_pct,ev_full,ev_be,long_in,long_ev_full,long_ev_be,short_in,short_ev_full,short_ev_be,sweep_in,sweep_ev_full,sweep_ev_be,nosweep_in,nosweep_ev_full,nosweep_ev_be,ev_full_net,ev_be_net,stop_tp_pct,ext141_pct,ext200_pct,ext241_pct,win_mae_med,win_mae_p90
BTC/USDT,15m,base,full,local,bos,0,ote,zero,5,4,4,0.2500,0.0000,0.7500,-0.5515,-0.6508,3,-0.4020,-0.5344,1,-1.0000,-1.0000,3,-0.4020,-0.5344,1,-1.0000,-1.0000,-0.7274,-0.8314,0.0000,0.2500,0.2500,0.2500,-0.1920,-0.1920
BTC/USDT,15m,base,full,local,bos,0,ote,zero200,5,4,4,0.2500,0.0000,0.7500,-0.5515,-0.6508,3,-0.4020,-0.5344,1,-1.0000,-1.0000,3,-0.4020,-0.5344,1,-1.0000,-1.0000,-0.7274,-0.8314,0.0000,0.2500,0.2500,0.2500,-0.1920,-0.1920
BTC/USDT,15m,base,full,local,bos,0,deep,zero,5,4,4,0.2500,0.2500,0.7500,-0.0772,0.2500,3,0.2304,0.6667,1,-1.0000,-1.0000,3,0.2304,0.6667,1,-1.0000,-1.0000,-0.4388,-0.1118,0.0000,0.2500,0.2500,0.2500,-0.3275,-0.3275
BTC/USDT,15m,base,full,local,bos,0,deep,zero200,5,4,4,0.2500,0.2500,0.7500,-0.0772,0.1158,3,0.2304,0.4878,1,-1.0000,-1.0000,3,0.2304,0.4878,1,-1.0000,-1.0000,-0.4388,-0.2459,0.0000,0.2500,0.2500,0.2500,-0.3275,-0.3275
BTC/USDT,15m,base,full,local,bos,0,breaker,zero,4,4,4,1.0000,0.2500,0.0000,0.4100,0.3813,4,0.4100,0.3813,0,,,4,0.4100,0.3813,0,,,0.2605,0.2220,,1.0000,0.5000,0.5000,-0.0893,-0.1516
BTC/USDT,15m,base,full,local,bos,0,breaker161,zero,2,1,1,1.0000,0.0000,0.0000,0.4100,0.2050,1,0.4100,0.2050,0,,,1,0.4100,0.2050,0,,,0.3339,0.1227,,1.0000,0.0000,0.0000,-0.0893,-0.0893
BTC/USDT,15m,base,full,local,bos,0,breaker200,zero,4,2,2,1.0000,0.5000,0.0000,0.4100,0.5575,2,0.4100,0.5575,0,,,2,0.4100,0.5575,0,,,0.3073,0.4516,,1.0000,0.5000,0.5000,-0.0893,-0.1237
BTC/USDT,15m,base,full,local,bos,0,oteRegime,zero,4,3,3,0.0000,0.0000,1.0000,-1.0000,-1.0000,2,-1.0000,-1.0000,1,-1.0000,-1.0000,2,-1.0000,-1.0000,1,-1.0000,-1.0000,-1.1588,-1.1588,0.0000,0.0000,0.0000,0.0000,,
BTC/USDT,15m,base,full,local,bos,0,deepRegime,zero,4,3,3,0.0000,0.0000,1.0000,-1.0000,-1.0000,2,-1.0000,-1.0000,1,-1.0000,-1.0000,2,-1.0000,-1.0000,1,-1.0000,-1.0000,-1.3265,-1.3265,0.0000,0.0000,0.0000,0.0000,,
BTC/USDT,15m,base,full,local,bos,0,oteDedupCd,zero,2,1,1,1.0000,0.0000,0.0000,0.7939,0.3969,1,0.7939,0.3969,0,,,1,0.7939,0.3969,0,,,0.5667,0.1510,,1.0000,1.0000,1.0000,-0.1920,-0.1920
BTC/USDT,15m,base,full,local,bos,0,oteDedupOp,zero,3,2,2,0.5000,0.0000,0.5000,-0.1031,-0.3015,1,0.7939,0.3969,1,-1.0000,-1.0000,1,0.7939,0.3969,1,-1.0000,-1.0000,-0.2411,-0.4489,0.0000,0.5000,0.5000,0.5000,-0.1920,-0.1920
BTC/USDT,15m,base,full,local,bos,0,oteDedupLo,zero,4,3,3,0.3333,0.0000,0.6667,-0.4020,-0.5344,2,-0.1031,-0.3015,1,-1.0000,-1.0000,2,-0.1031,-0.3015,1,-1.0000,-1.0000,-0.5313,-0.6698,0.0000,0.3333,0.3333,0.3333,-0.1920,-0.1920
BTC/USDT,15m,base,full,local,bos,0,deepDedupCd,zero,3,2,2,0.5000,0.5000,0.5000,0.8455,1.5000,2,0.8455,1.5000,0,,,2,0.8455,1.5000,0,,,0.4977,1.1519,0.0000,0.5000,0.5000,0.5000,-0.3275,-0.3275
BTC/USDT,15m,base,full,local,bos,0,deepDedupOp,zero,3,2,2,0.5000,0.5000,0.5000,0.8455,1.5000,2,0.8455,1.5000,0,,,2,0.8455,1.5000,0,,,0.4977,1.1519,0.0000,0.5000,0.5000,0.5000,-0.3275,-0.3275
BTC/USDT,15m,base,full,local,bos,0,deepDedupLo,zero,4,3,3,0.3333,0.3333,0.6667,0.2304,0.6667,2,0.8455,1.5000,1,-1.0000,-1.0000,2,0.8455,1.5000,1,-1.0000,-1.0000,-0.0353,0.4008,0.0000,0.3333,0.3333,0.3333,-0.3275,-0.3275
BTC/USDT,15m,base,full,local,bos,0,breakerDedupCd,zero,2,2,2,1.0000,0.5000,0.0000,0.4100,0.5575,2,0.4100,0.5575,0,,,2,0.4100,0.5575,0,,,0.2384,0.3770,,1.0000,0.5000,0.5000,-0.1237,-0.1516
BTC/USDT,15m,base,full,local,bos,0,breakerDedupOp,zero,2,2,2,1.0000,0.5000,0.0000,0.4100,0.5575,2,0.4100,0.5575,0,,,2,0.4100,0.5575,0,,,0.2560,0.3960,,1.0000,1.0000,1.0000,-0.0276,-0.1237
BTC/USDT,15m,base,full,local,bos,0,breakerDedupLo,zero,3,3,3,1.0000,0.3333,0.0000,0.4100,0.4400,3,0.4100,0.4400,0,,,3,0.4100,0.4400,0,,,0.2819,0.3049,,1.0000,0.6667,0.6667,-0.0893,-0.1237
BTC/USDT,15m,base,full,local,bos,0,breaker161DedupCd,zero,2,1,1,1.0000,0.0000,0.0000,0.4100,0.2050,1,0.4100,0.2050,0,,,1,0.4100,0.2050,0,,,0.3339,0.1227,,1.0000,0.0000,0.0000,-0.0893,-0.0893
BTC/USDT,15m,base,full,local,bos,0,breaker161DedupOp,zero,2,1,1,1.0000,0.0000,0.0000,0.4100,0.2050,1,0.4100,0.2050,0,,,1,0.4100,0.2050,0,,,0.3339,0.1227,,1.0000,0.0000,0.0000,-0.0893,-0.0893
BTC/USDT,15m,base,full,local,bos,0,breaker161DedupLo,zero,2,1,1,1.0000,0.0000,0.0000,0.4100,0.2050,1,0.4100,0.2050,0,,,1,0.4100,0.2050,0,,,0.3339,0.1227,,1.0000,0.0000,0.0000,-0.0893,-0.0893
BTC/USDT,15m,base,full,local,bos,0,oteCombo,zero,2,1,1,0.0000,0.0000,1.0000,-1.0000,-1.0000,1,-1.0000,-1.0000,0,,,1,-1.0000,-1.0000,0,,,-1.3160,-1.3160,0.0000,0.0000,0.0000,0.0000,,
BTC/USDT,15m,base,full,local,bos,0,deepCombo,zero,2,1,1,0.0000,0.0000,1.0000,-1.0000,-1.0000,1,-1.0000,-1.0000,0,,,1,-1.0000,-1.0000,0,,,-1.6495,-1.6495,0.0000,0.0000,0.0000,0.0000,,
BTC/USDT,15m,base,full,local,bos,0,breakerCombo,zero,2,2,2,1.0000,0.5000,0.0000,0.4100,0.5575,2,0.4100,0.5575,0,,,2,0.4100,0.5575,0,,,0.2384,0.3770,,1.0000,0.5000,0.5000,-0.1237,-0.1516
BTC/USDT,15m,base,full,local,bos,0,breaker161Combo,zero,2,1,1,1.0000,0.0000,0.0000,0.4100,0.2050,1,0.4100,0.2050,0,,,1,0.4100,0.2050,0,,,0.3339,0.1227,,1.0000,0.0000,0.0000,-0.0893,-0.0893
BTC/USDT,15m,base,full,local,bos,5,ote,zero,2,2,2,0.0000,0.0000,1.0000,-1.0000,-1.0000,1,-1.0000,-1.0000,1,-1.0000,-1.0000,1,-1.0000,-1.0000,1,-1.0000,-1.0000,-1.0802,-1.0802,0.0000,0.0000,0.0000,0.0000,,
BTC/USDT,15m,base,full,local,bos,5,ote,zero200,2,2,2,0.0000,0.0000,1.0000,-1.0000,-1.0000,1,-1.0000,-1.0000,1,-1.0000,-1.0000,1,-1.0000,-1.0000,1,-1.0000,-1.0000,-1.0802,-1.0802,0.0000,0.0000,0.0000,0.0000,,
BTC/USDT,15m,base,full,local,bos,5,deep,zero,2,2,2,0.0000,0.0000,1.0000,-1.0000,-1.0000,1,-1.0000,-1.0000,1,-1.0000,-1.0000,1,-1.0000,-1.0000,1,-1.0000,-1.0000,-1.1651,-1.1651,0.0000,0.0000,0.0000,0.0000,,
BTC/USDT,15m,base,full,local,bos,5,deep,zero200,2,2,2,0.0000,0.0000,1.0000,-1.0000,-1.0000,1,-1.0000,-1.0000,1,-1.0000,-1.0000,1,-1.0000,-1.0000,1,-1.0000,-1.0000,-1.1651,-1.1651,0.0000,0.0000,0.0000,0.0000,,
BTC/USDT,15m,base,full,local,bos,5,breaker,zero,1,1,1,1.0000,0.0000,0.0000,0.4100,0.2050,1,0.4100,0.2050,0,,,1,0.4100,0.2050,0,,,0.3339,0.1227,,1.0000,0.0000,0.0000,-0.0893,-0.0893
BTC/USDT,15m,base,full,local,bos,5,breaker161,zero,1,1,1,1.0000,0.0000,0.0000,0.4100,0.2050,1,0.4100,0.2050,0,,,1,0.4100,0.2050,0,,,0.3339,0.1227,,1.0000,0.0000,0.0000,-0.0893,-0.0893
BTC/USDT,15m,base,full,local,bos,5,breaker200,zero,1,1,1,1.0000,0.0000,0.0000,0.4100,0.2050,1,0.4100,0.2050,0,,,1,0.4100,0.2050,0,,,0.3339,0.1227,,1.0000,0.0000,0.0000,-0.0893,-0.0893
BTC/USDT,15m,base,full,local,bos,5,oteRegime,zero,2,2,2,0.0000,0.0000,1.0000,-1.0000,-1.0000,1,-1.0000,-1.0000,1,-1.0000,-1.0000,1,-1.0000,-1.0000,1,-1.0000,-1.0000,-1.0802,-1.0802,0.0000,0.0000,0.0000,0.0000,,
BTC/USDT,15m,base,full,local,bos,5,deepRegime,zero,2,2,2,0.0000,0.0000,1.0000,-1.0000,-1.0000,1,-1.0000,-1.0000,1,-1.0000,-1.0000,1,-1.0000,-1.0000,1,-1.0000,-1.0000,-1.1651,-1.1651,0.0000,0.0000,0.0000,0.0000,,
BTC/USDT,15m,base,full,local,bos,5,oteDedupCd,zero,0,0,0,,,,,,0,,,0,,,0,,,0,,,,,,,,,,
BTC/USDT,15m,base,full,local,bos,5,oteDedupOp,zero,1,1,1,0.0000,0.0000,1.0000,-1.0000,-1.0000,0,,,1,-1.0000,-1.0000,0,,,1,-1.0000,-1.0000,-1.0489,-1.0489,0.0000,0.0000,0.0000,0.0000,,
BTC/USDT,15m,base,full,local,bos,5,oteDedupLo,zero,2,2,2,0.0000,0.0000,1.0000,-1.0000,-1.0000,1,-1.0000,-1.0000,1,-1.0000,-1.0000,1,-1.0000,-1.0000,1,-1.0000,-1.0000,-1.0802,-1.0802,0.0000,0.0000,0.0000,0.0000,,
BTC/USDT,15m,base,full,local,bos,5,deepDedupCd,zero,1,1,1,0.0000,0.0000,1.0000,-1.0000,-1.0000,1,-1.0000,-1.0000,0,,,1,-1.0000,-1.0000,0,,,-1.2288,-1.2288,0.0000,0.0000,0.0000,0.0000,,
BTC/USDT,15m,base,full,local,bos,5,deepDedupOp,zero,1,1,1,0.0000,0.0000,1.0000,-1.0000,-1.0000,1,-1.0000,-1.0000,0,,,1,-1.0000,-1.0000,0,,,-1.2288,-1.2288,0.0000,0.0000,0.0000,0.0000,,
BTC/USDT,15m,base,full,local,bos,5,deepDedupLo,zero,2,2,2,0.0000,0.0000,1.0000,-1.0000,-1.0000,1,-1.0000,-1.0000,1,-1.0000,-1.0000,1,-1.0000,-1.0000,1,-1.0000,-1.0000,-1.1651,-1.1651,0.0000,0.0000,0.0000,0.0000,,
BTC/USDT,15m,base,full,local,bos,5,breakerDedupCd,zero,0,0,0,,,,,,0,,,0,,,0,,,0,,,,,,,,,,
BTC/USDT,15m,base,full,local,bos,5,breakerDedupOp,zero,0,0,0,,,,,,0,,,0,,,0,,,0,,,,,,,,,,
BTC/USDT,15m,base,full,local,bos,5,breakerDedupLo,zero,1,1,1,1.0000,0.0000,0.0000,0.4100,0.2050,1,0.4100,0.2050,0,,,1,0.4100,0.2050,0,,,0.3339,0.1227,,1.0000,0.0000,0.0000,-0.0893,-0.0893
BTC/USDT,15m,base,full,local,bos,5,breaker161DedupCd,zero,1,1,1,1.0000,0.0000,0.0000,0.4100,0.2050,1,0.4100,0.2050,0,,,1,0.4100,0.2050,0,,,0.3339,0.1227,,1.0000,0.0000,0.0000,-0.0893,-0.0893
BTC/USDT,15m,base,full,local,bos,5,breaker161DedupOp,zero,1,1,1,1.0000,0.0000,0.0000,0.4100,0.2050,1,0.4100,0.2050,0,,,1,0.4100,0.2050,0,,,0.3339,0.1227,,1.0000,0.0000,0.0000,-0.0893,-0.0893
BTC/USDT,15m,base,full,local,bos,5,breaker161DedupLo,zero,1,1,1,1.0000,0.0000,0.0000,0.4100,0.2050,1,0.4100,0.2050,0,,,1,0.4100,0.2050,0,,,0.3339,0.1227,,1.0000,0.0000,0.0000,-0.0893,-0.0893
BTC/USDT,15m,base,full,local,bos,5,oteCombo,zero,0,0,0,,,,,,0,,,0,,,0,,,0,,,,,,,,,,
BTC/USDT,15m,base,full,local,bos,5,deepCombo,zero,0,0,0,,,,,,0,,,0,,,0,,,0,,,,,,,,,,
BTC/USDT,15m,base,full,local,bos,5,breakerCombo,zero,0,0,0,,,,,,0,,,0,,,0,,,0,,,,,,,,,,
BTC/USDT,15m,base,full,local,bos,5,breaker161Combo,zero,1,1,1,1.0000,0.0000,0.0000,0.4100,0.2050,1,0.4100,0.2050,0,,,1,0.4100,0.2050,0,,,0.3339,0.1227,,1.0000,0.0000,0.0000,-0.0893,-0.0893
BTC/USDT,15m,base,full,local,choch,0,ote,zero,2,2,1,0.0000,0.0000,0.5000,-1.0000,-1.0000,1,,,1,-1.0000,-1.0000,1,,,1,-1.0000,-1.0000,-1.0806,-1.0806,0.0000,0.0000,0.0000,0.0000,,
BTC/USDT,15m,base,full,local,choch,0,ote,zero200,2,2,1,0.0000,0.0000,0.5000,-1.0000,-1.0000,1,,,1,-1.0000,-1.0000,1,,,1,-1.0000,-1.0000,-1.0806,-1.0806,0.0000,0.0000,0.0000,0.0000,,
BTC/USDT,15m,base,full,local,choch,0,deep,zero,2,1,1,0.0000,0.0000,1.0000,-1.0000,-1.0000,0,,,1,-1.0000,-1.0000,0,,,1,-1.0000,-1.0000,-1.1665,-1.1665,0.0000,0.0000,0.0000,0.0000,,
BTC/USDT,15m,base,full,local,choch,0,deep,zero200,2,1,1,0.0000,0.0000,1.0000,-1.0000,-1.0000,0,,,1,-1.0000,-1.0000,0,,,1,-1.0000,-1.0000,-1.1665,-1.1665,0.0000,0.0000,0.0000,0.0000,,
BTC/USDT,15m,base,full,local,choch,0,breaker,zero,1,1,1,0.0000,0.0000,1.0000,-1.0000,-1.0000,0,,,1,-1.0000,-1.0000,0,,,1,-1.0000,-1.0000,-1.0632,-1.0632,0.0000,0.0000,0.0000,0.0000,,
BTC/USDT,15m,base,full,local,choch,0,breaker161,zero,1,0,0,,,,,,0,,,0,,,0,,,0,,,,,,,,,,
BTC/USDT,15m,base,full,local,choch,0,breaker200,zero,1,1,1,0.0000,0.0000,1.0000,-1.0000,-1.0000,0,,,1,-1.0000,-1.0000,0,,,1,-1.0000,-1.0000,-1.0632,-1.0632,0.0000,0.0000,0.0000,0.0000,,
BTC/USDT,15m,base,full,local,choch,0,oteRegime,zero,2,2,1,0.0000,0.0000,0.5000,-1.0000,-1.0000,1,,,1,-1.0000,-1.0000,1,,,1,-1.0000,-1.0000,-1.0806,-1.0806,0.0000,0.0000,0.0000,0.0000,,
BTC/USDT,15m,base,full,local,choch,0,deepRegime,zero,2,1,1,0.0000,0.0000,1.0000,-1.0000,-1.0000,0,,,1,-1.0000,-1.0000,0,,,1,-1.0000,-1.0000,-1.1665,-1.1665,0.0000,0.0000,0.0000,0.0000,,
BTC/USDT,15m,base,full,local,choch,0,oteDedupCd,zero,1,1,1,0.0000,0.0000,1.0000,-1.0000,-1.0000,0,,,1,-1.0000,-1.0000,0,,,1,-1.0000,-1.0000,-1.0806,-1.0806,0.0000,0.0000,0.0000,0.0000,,
BTC/USDT,15m,base,full,local,choch,0,oteDedupOp,zero,0,0,0,,,,,,0,,,0,,,0,,,0,,,,,,,,,,
BTC/USDT,15m,base,full,local,choch,0,oteDedupLo,zero,1,1,0,0.0000,0.0000,0.0000,,,1,,,0,,,1,,,0,,,,,,0.0000,0.0000,0.0000,,
BTC/USDT,15m,base,full,local,choch,0,deepDedupCd,zero,2,1,1,0.0000,0.0000,1.0000,-1.0000,-1.0000,0,,,1,-1.0000,-1.0000,0,,,1,-1.0000,-1.0000,-1.1665,-1.1665,0.0000,0.0000,0.0000,0.0000,,
BTC/USDT,15m,base,full,local,choch,0,deepDedupOp,zero,2,1,1,0.0000,0.0000,1.0000,-1.0000,-1.0000,0,,,1,-1.0000,-1.0000,0,,,1,-1.0000,-1.0000,-1.1665,-1.1665,0.0000,0.0000,0.0000,0.0000,,
BTC/USDT,15m,base,full,local,choch,0,deepDedupLo,zero,1,0,0,,,,,,0,,,0,,,0,,,0,,,,,,,,,,
BTC/USDT,15m,base,full,local,choch,0,breakerDedupCd,zero,1,1,1,0.0000,0.0000,1.0000,-1.0000,-1.0000,0,,,1,-1.0000,-1.0000,0,,,1,-1.0000,-1.0000,-1.0632,-1.0632,0.0000,0.0000,0.0000,0.0000,,
BTC/USDT,15m,base,full,local,choch,0,breakerDedupOp,zero,1,1,1,0.0000,0.0000,1.0000,-1.0000,-1.0000,0,,,1,-1.0000,-1.0000,0,,,1,-1.0000,-1.0000,-1.0632,-1.0632,0.0000,0.0000,0.0000,0.0000,,
BTC/USDT,15m,base,full,local,choch,0,breakerDedupLo,zero,1,1,1,0.0000,0.0000,1.0000,-1.0000,-1.0000,0,,,1,-1.0000,-1.0000,0,,,1,-1.0000,-1.0000,-1.0632,-1.0632,0.0000,0.0000,0.0000,0.0000,,
BTC/USDT,15m,base,full,local,choch,0,breaker161DedupCd,zero,1,0,0,,,,,,0,,,0,,,0,,,0,,,,,,,,,,
BTC/USDT,15m,base,full,local,choch,0,breaker161DedupOp,zero,1,0,0,,,,,,0,,,0,,,0,,,0,,,,,,,,,,
BTC/USDT,15m,base,full,local,choch,0,breaker161DedupLo,zero,1,0,0,,,,,,0,,,0,,,0,,,0,,,,,,,,,,
BTC/USDT,15m,base,full,local,choch,0,oteCombo,zero,2,2,1,0.0000,0.0000,0.5000,-1.0000,-1.0000,1,,,1,-1.0000,-1.0000,1,,,1,-1.0000,-1.0000,-1.0806,-1.0806,0.0000,0.0000,0.0000,0.0000,,
BTC/USDT,15m,base,full,local,choch,0,deepCombo,zero,2,1,1,0.0000,0.0000,1.0000,-1.0000,-1.0000,0,,,1,-1.0000,-1.0000,0,,,1,-1.0000,-1.0000,-1.1665,-1.1665,0.0000,0.0000,0.0000,0.0000,,
BTC/USDT,15m,base,full,local,choch,0,breakerCombo,zero,1,1,1,0.0000,0.0000,1.0000,-1.0000,-1.0000,0,,,1,-1.0000,-1.0000,0,,,1,-1.0000,-1.0000,-1.0632,-1.0632,0.0000,0.0000,0.0000,0.0000,,
BTC/USDT,15m,base,full,local,choch,0,breaker161Combo,zero,1,0,0,,,,,,0,,,0,,,0,,,0,,,,,,,,,,
BTC/USDT,15m,base,full,local,choch,5,ote,zero,2,2,1,0.0000,0.0000,0.5000,-1.0000,-1.0000,1,,,1,-1.0000,-1.0000,1,,,1,-1.0000,-1.0000,-1.0806,-1.0806,0.0000,0.0000,0.0000,0.0000,,
BTC/USDT,15m,base,full,local,choch,5,ote,zero200,2,2,1,0.0000,0.0000,0.5000,-1.0000,-1.0000,1,,,1,-1.0000,-1.0000,1,,,1,-1.0000,-1.0000,-1.0806,-1.0806,0.0000,0.0000,0.0000,0.0000,,
BTC/USDT,15m,base,full,local,choch,5,deep,zero,2,1,1,0.0000,0.0000,1.0000,-1.0000,-1.0000,0,,,1,-1.0000,-1.0000,0,,,1,-1.0000,-1.0000,-1.1665,-1.1665,0.0000,0.0000,0.0000,0.0000,,
BTC/USDT,15m,base,full,local,choch,5,deep,zero200,2,1,1,0.0000,0.0000,1.0000,-1.0000,-1.0000,0,,,1,-1.0000,-1.0000,0,,,1,-1.0000,-1.0000,-1.1665,-1.1665,0.0000,0.0000,0.0000,0.0000,,
BTC/USDT,15m,base,full,local,choch,5,breaker,zero,1,1,1,0.0000,0.0000,1.0000,-1.0000,-1.0000,0,,,1,-1.0000,-1.0000,0,,,1,-1.0000,-1.0000,-1.0632,-1.0632,0.0000,0.0000,0.0000,0.0000,,
BTC/USDT,15m,base,full,local,choch,5,breaker161,zero,1,0,0,,,,,,0,,,0,,,0,,,0,,,,,,,,,,
BTC/USDT,15m,base,full,local,choch,5,breaker200,zero,1,1,1,0.0000,0.0000,1.0000,-1.0000,-1.0000,0,,,1,-1.0000,-1.0000,0,,,1,-1.0000,-1.0000,-1.0632,-1.0632,0.0000,0.0000,0.0000,0.0000,,
BTC/USDT,15m,base,full,local,choch,5,oteRegime,zero,2,2,1,0.0000,0.0000,0.5000,-1.0000,-1.0000,1,,,1,-1.0000,-1.0000,1,,,1,-1.0000,-1.0000,-1.0806,-1.0806,0.0000,0.0000,0.0000,0.0000,,
BTC/USDT,15m,base,full,local,choch,5,deepRegime,zero,2,1,1,0.0000,0.0000,1.0000,-1.0000,-1.0000,0,,,1,-1.0000,-1.0000,0,,,1,-1.0000,-1.0000,-1.1665,-1.1665,0.0000,0.0000,0.0000,0.0000,,
BTC/USDT,15m,base,full,local,choch,5,oteDedupCd,zero,1,1,1,0.0000,0.0000,1.0000,-1.0000,-1.0000,0,,,1,-1.0000,-1.0000,0,,,1,-1.0000,-1.0000,-1.0806,-1.0806,0.0000,0.0000,0.0000,0.0000,,
BTC/USDT,15m,base,full,local,choch,5,oteDedupOp,zero,0,0,0,,,,,,0,,,0,,,0,,,0,,,,,,,,,,
BTC/USDT,15m,base,full,local,choch,5,oteDedupLo,zero,1,1,0,0.0000,0.0000,0.0000,,,1,,,0,,,1,,,0,,,,,,0.0000,0.0000,0.0000,,
BTC/USDT,15m,base,full,local,choch,5,deepDedupCd,zero,2,1,1,0.0000,0.0000,1.0000,-1.0000,-1.0000,0,,,1,-1.0000,-1.0000,0,,,1,-1.0000,-1.0000,-1.1665,-1.1665,0.0000,0.0000,0.0000,0.0000,,
BTC/USDT,15m,base,full,local,choch,5,deepDedupOp,zero,2,1,1,0.0000,0.0000,1.0000,-1.0000,-1.0000,0,,,1,-1.0000,-1.0000,0,,,1,-1.0000,-1.0000,-1.1665,-1.1665,0.0000,0.0000,0.0000,0.0000,,
BTC/USDT,15m,base,full,local,choch,5,deepDedupLo,zero,1,0,0,,,,,,0,,,0,,,0,,,0,,,,,,,,,,
BTC/USDT,15m,base,full,local,choch,5,breakerDedupCd,zero,1,1,1,0.0000,0.0000,1.0000,-1.0000,-1.0000,0,,,1,-1.0000,-1.0000,0,,,1,-1.0000,-1.0000,-1.0632,-1.0632,0.0000,0.0000,0.0000,0.0000,,
BTC/USDT,15m,base,full,local,choch,5,breakerDedupOp,zero,1,1,1,0.0000,0.0000,1.0000,-1.0000,-1.0000,0,,,1,-1.0000,-1.0000,0,,,1,-1.0000,-1.0000,-1.0632,-1.0632,0.0000,0.0000,0.0000,0.0000,,
BTC/USDT,15m,base,full,local,choch,5,breakerDedupLo,zero,1,1,1,0.0000,0.0000,1.0000,-1.0000,-1.0000,0,,,1,-1.0000,-1.0000,0,,,1,-1.0000,-1.0000,-1.0632,-1.0632,0.0000,0.0000,0.0000,0.0000,,
BTC/USDT,15m,base,full,local,choch,5,breaker161DedupCd,zero,1,0,0,,,,,,0,,,0,,,0,,,0,,,,,,,,,,
BTC/USDT,15m,base,full,local,choch,5,breaker161DedupOp,zero,1,0,0,,,,,,0,,,0,,,0,,,0,,,,,,,,,,
BTC/USDT,15m,base,full,local,choch,5,breaker161DedupLo,zero,1,0,0,,,,,,0,,,0,,,0,,,0,,,,,,,,,,
BTC/USDT,15m,base,full,local,choch,5,oteCombo,zero,2,2,1,0.0000,0.0000,0.5000,-1.0000,-1.0000,1,,,1,-1.0000,-1.0000,1,,,1,-1.0000,-1.0000,-1.0806,-1.0806,0.0000,0.0000,0.0000,0.0000,,
BTC/USDT,15m,base,full,local,choch,5,deepCombo,zero,2,1,1,0.0000,0.0000,1.0000,-1.0000,-1.0000,0,,,1,-1.0000,-1.0000,0,,,1,-1.0000,-1.0000,-1.1665,-1.1665,0.0000,0.0000,0.0000,0.0000,,
BTC/USDT,15m,base,full,local,choch,5,breakerCombo,zero,1,1,1,0.0000,0.0000,1.0000,-1.0000,-1.0000,0,,,1,-1.0000,-1.0000,0,,,1,-1.0000,-1.0000,-1.0632,-1.0632,0.0000,0.0000,0.0000,0.0000,,
BTC/USDT,15m,base,full,local,choch,5,breaker161Combo,zero,1,0,0,,,,,,0,,,0,,,0,,,0,,,,,,,,,,
BTC/USDT,15m,base,full,global,bos,0,ote,zero,5,2,1,0.0000,0.0000,0.5000,-1.0000,-1.0000,1,,,1,-1.0000,-1.0000,1,,,1,-1.0000,-1.0000,-1.0489,-1.0489,0.0000,0.0000,0.0000,0.0000,,
BTC/USDT,15m,base,full,global,bos,0,ote,zero200,5,2,1,0.0000,0.0000,0.5000,-1.0000,-1.0000,1,,,1,-1.0000,-1.0000,1,,,1,-1.0000,-1.0000,-1.0489,-1.0489,0.0000,0.0000,0.0000,0.0000,,
BTC/USDT,15m,base,full,global,bos,0,deep,zero,5,1,1,0.0000,0.0000,1.0000,-1.0000,-1.0000,0,,,1,-1.0000,-1.0000,0,,,1,-1.0000,-1.0000,-1.1013,-1.1013,0.0000,0.0000,0.0000,0.0000,,
BTC/USDT,15m,base,full,global,bos,0,deep,zero200,5,1,1,0.0000,0.0000,1.0000,-1.0000,-1.0000,0,,,1,-1.0000,-1.0000,0,,,1,-1.0000,-1.0000,-1.1013,-1.1013,0.0000,0.0000,0.0000,0.0000,,
BTC/USDT,15m,base,full,global,bos,0,breaker,zero,2,1,1,1.0000,0.0000,0.0000,0.4100,0.2050,1,0.4100,0.2050,0,,,1,0.4100,0.2050,0,,,0.3839,0.1769,,1.0000,0.0000,0.0000,-0.4956,-0.4956
BTC/USDT,15m,base,full,global,bos,0,breaker161,zero,2,1,1,1.0000,0.0000,0.0000,0.4100,0.2050,1,0.4100,0.2050,0,,,1,0.4100,0.2050,0,,,0.3839,0.1769,,1.0000,0.0000,0.0000,-0.4956,-0.4956
BTC/USDT,15m,base,full,global,bos,0,breaker200,zero,2,1,1,1.0000,0.0000,0.0000,0.4100,0.2050,1,0.4100,0.2050,0,,,1,0.4100,0.2050,0,,,0.3839,0.1769,,1.0000,0.0000,0.0000,-0.4956,-0.4956
BTC/USDT,15m,base,full,global,bos,0,oteRegime,zero,4,2,1,0.0000,0.0000,0.5000,-1.0000,-1.0000,1,,,1,-1.0000,-1.0000,1,,,1,-1.0000,-1.0000,-1.0489,-1.0489,0.0000,0.0000,0.0000,0.0000,,
BTC/USDT,15m,base,full,global,bos,0,deepRegime,zero,4,1,1,0.0000,0.0000,1.0000,-1.0000,-1.0000,0,,,1,-1.0000,-1.0000,0,,,1,-1.0000,-1.0000,-1.1013,-1.1013,0.0000,0.0000,0.0000,0.0000,,
BTC/USDT,15m,base,full,global,bos,0,oteDedupCd,zero,4,1,0,0.0000,0.0000,0.0000,,,1,,,0,,,1,,,0,,,,,,0.0000,0.0000,0.0000,,
BTC/USDT,15m,base,full,global,bos,0,oteDedupOp,zero,5,2,1,0.0000,0.0000,0.5000,-1.0000,-1.0000,1,,,1,-1.0000,-1.0000,1,,,1,-1.0000,-1.0000,-1.0489,-1.0489,0.0000,0.0000,0.0000,0.0000,,
BTC/USDT,15m,base,full,global,bos,0,oteDedupLo,zero,5,2,1,0.0000,0.0000,0.5000,-1.0000,-1.0000,1,,,1,-1.0000,-1.0000,1,,,1,-1.0000,-1.0000,-1.0489,-1.0489,0.0000,0.0000,0.0000,0.0000,,
BTC/USDT,15m,base,full,global,bos,0,deepDedupCd,zero,4,0,0,,,,,,0,,,0,,,0,,,0,,,,,,,,,,
BTC/USDT,15m,base,full,global,bos,0,deepDedupOp,zero,4,0,0,,,,,,0,,,0,,,0,,,0,,,,,,,,,,
BTC/USDT,15m,base,full,global,bos,0,deepDedupLo,zero,5,1,1,0.0000,0.0000,1.0000,-1.0000,-1.0000,0,,,1,-1.0000,-1.0000,0,,,1,-1.0000,-1.0000,-1.1013,-1.1013,0.0000,0.0000,0.0000,0.0000,,
BTC/USDT,15m,base,full,global,bos,0,breakerDedupCd,zero,2,1,1,1.0000,0.0000,0.0000,0.4100,0.2050,1,0.4100,0.2050,0,,,1,0.4100,0.2050,0,,,0.3839,0.1769,,1.0000,0.0000,0.0000,-0.4956,-0.4956
BTC/USDT,15m,base,full,global,bos,0,breakerDedupOp,zero,2,1,1,1.0000,0.0000,0.0000,0.4100,0.2050,1,0.4100,0.2050,0,,,1,0.4100,0.2050,0,,,0.3839,0.1769,,1.0000,0.0000,0.0000,-0.4956,-0.4956
BTC/USDT,15m,base,full,global,bos,0,breakerDedupLo,zero,2,1,1,1.0000,0.0000,0.0000,0.4100,0.2050,1,0.4100,0.2050,0,,,1,0.4100,0.2050,0,,,0.3839,0.1769,,1.0000,0.0000,0.0000,-0.4956,-0.4956
BTC/USDT,15m,base,full,global,bos,0,breaker161DedupCd,zero,2,1,1,1.0000,0.0000,0.0000,0.4100,0.2050,1,0.4100,0.2050,0,,,1,0.4100,0.2050,0,,,0.3839,0.1769,,1.0000,0.0000,0.0000,-0.4956,-0.4956
BTC/USDT,15m,base,full,global,bos,0,breaker161DedupOp,zero,2,1,1,1.0000,0.0000,0.0000,0.4100,0.2050,1,0.4100,0.2050,0,,,1,0.4100,0.2050,0,,,0.3839,0.1769,,1.0000,0.0000,0.0000,-0.4956,-0.4956
BTC/USDT,15m,base,full,global,bos,0,breaker161DedupLo,zero,2,1,1,1.0000,0.0000,0.0000,0.4100,0.2050,1,0.4100,0.2050,0,,,1,0.4100,0.2050,0,,,0.3839,0.1769,,1.0000,0.0000,0.0000,-0.4956,-0.4956
BTC/USDT,15m,base,full,global,bos,0,oteCombo,zero,3,1,0,0.0000,0.0000,0.0000,,,1,,,0,,,1,,,0,,,,,,0.0000,0.0000,0.0000,,
BTC/USDT,15m,base,full,global,bos,0,deepCombo,zero,3,0,0,,,,,,0,,,0,,,0,,,0,,,,,,,,,,
BTC/USDT,15m,base,full,global,bos,0,breakerCombo,zero,2,1,1,1.0000,0.0000,0.0000,0.4100,0.2050,1,0.4100,0.2050,0,,,1,0.4100,0.2050,0,,,0.3839,0.1769,,1.0000,0.0000,0.0000,-0.4956,-0.4956
BTC/USDT,15m,base,full,global,bos,0,breaker161Combo,zero,2,1,1,1.0000,0.0000,0.0000,0.4100,0.2050,1,0.4100,0.2050,0,,,1,0.4100,0.2050,0,,,0.3839,0.1769,,1.0000,0.0000,0.0000,-0.4956,-0.4956
BTC/USDT,15m,base,full,global,bos,5,ote,zero,5,2,1,0.0000,0.0000,0.5000,-1.0000,-1.0000,1,,,1,-1.0000,-1.0000,1,,,1,-1.0000,-1.0000,-1.0489,-1.0489,0.0000,0.0000,0.0000,0.0000,,
BTC/USDT,15m,base,full,global,bos,5,ote,zero200,5,2,1,0.0000,0.0000,0.5000,-1.0000,-1.0000,1,,,1,-1.0000,-1.0000,1,,,1,-1.0000,-1.0000,-1.0489,-1.0489,0.0000,0.0000,0.0000,0.0000,,
BTC/USDT,15m,base,full,global,bos,5,deep,zero,5,1,1,0.0000,0.0000,1.0000,-1.0000,-1.0000,0,,,1,-1.0000,-1.0000,0,,,1,-1.0000,-1.0000,-1.1013,-1.1013,0.0000,0.0000,0.0000,0.0000,,
BTC/USDT,15m,base,full,global,bos,5,deep,zero200,5,1,1,0.0000,0.0000,1.0000,-1.0000,-1.0000,0,,,1,-1.0000,-1.0000,0,,,1,-1.0000,-1.0000,-1.1013,-1.1013,0.0000,0.0000,0.0000,0.0000,,
BTC/USDT,15m,base,full,global,bos,5,breaker,zero,2,1,1,1.0000,0.0000,0.0000,0.4100,0.2050,1,0.4100,0.2050,0,,,1,0.4100,0.2050,0,,,0.3839,0.1769,,1.0000,0.0000,0.0000,-0.4956,-0.4956
BTC/USDT,15m,base,full,global,bos,5,breaker161,zero,2,1,1,1.0000,0.0000,0.0000,0.4100,0.2050,1,0.4100,0.2050,0,,,1,0.4100,0.2050,0,,,0.3839,0.1769,,1.0000,0.0000,0.0000,-0.4956,-0.4956
BTC/USDT,15m,base,full,global,bos,5,breaker200,zero,2,1,1,1.0000,0.0000,0.0000,0.4100,0.2050,1,0.4100,0.2050,0,,,1,0.4100,0.2050,0,,,0.3839,0.1769,,1.0000,0.0000,0.0000,-0.4956,-0.4956
BTC/USDT,15m,base,full,global,bos,5,oteRegime,zero,4,2,1,0.0000,0.0000,0.5000,-1.0000,-1.0000,1,,,1,-1.0000,-1.0000,1,,,1,-1.0000,-1.0000,-1.0489,-1.0489,0.0000,0.0000,0.0000,0.0000,,
BTC/USDT,15m,base,full,global,bos,5,deepRegime,zero,4,1,1,0.0000,0.0000,1.0000,-1.0000,-1.0000,0,,,1,-1.0000,-1.0000,0,,,1,-1.0000,-1.0000,-1.1013,-1.1013,0.0000,0.0000,0.0000,0.0000,,
BTC/USDT,15m,base,full,global,bos,5,oteDedupCd,zero,4,1,0,0.0000,0.0000,0.0000,,,1,,,0,,,1,,,0,,,,,,0.0000,0.0000,0.0000,,
BTC/USDT,15m,base,full,global,bos,5,oteDedupOp,zero,5,2,1,0.0000,0.0000,0.5000,-1.0000,-1.0000,1,,,1,-1.0000,-1.0000,1,,,1,-1.0000,-1.0000,-1.0489,-1.0489,0.0000,0.0000,0.0000,0.0000,,
BTC/USDT,15m,base,full,global,bos,5,oteDedupLo,zero,5,2,1,0.0000,0.0000,0.5000,-1.0000,-1.0000,1,,,1,-1.0000,-1.0000,1,,,1,-1.0000,-1.0000,-1.0489,-1.0489,0.0000,0.0000,0.0000,0.0000,,
BTC/USDT,15m,base,full,global,bos,5,deepDedupCd,zero,4,0,0,,,,,,0,,,0,,,0,,,0,,,,,,,,,,
BTC/USDT,15m,base,full,global,bos,5,deepDedupOp,zero,4,0,0,,,,,,0,,,0,,,0,,,0,,,,,,,,,,
BTC/USDT,15m,base,full,global,bos,5,deepDedupLo,zero,5,1,1,0.0000,0.0000,1.0000,-1.0000,-1.0000,0,,,1,-1.0000,-1.0000,0,,,1,-1.0000,-1.0000,-1.1013,-1.1013,0.0000,0.0000,0.0000,0.0000,,
BTC/USDT,15m,base,full,global,bos,5,breakerDedupCd,zero,2,1,1,1.0000,0.0000,0.0000,0.4100,0.2050,1,0.4100,0.2050,0,,,1,0.4100,0.2050,0,,,0.3839,0.1769,,1.0000,0.0000,0.0000,-0.4956,-0.4956
BTC/USDT,15m,base,full,global,bos,5,breakerDedupOp,zero,2,1,1,1.0000,0.0000,0.0000,0.4100,0.2050,1,0.4100,0.2050,0,,,1,0.4100,0.2050,0,,,0.3839,0.1769,,1.0000,0.0000,0.0000,-0.4956,-0.4956
BTC/USDT,15m,base,full,global,bos,5,breakerDedupLo,zero,2,1,1,1.0000,0.0000,0.0000,0.4100,0.2050,1,0.4100,0.2050,0,,,1,0.4100,0.2050,0,,,0.3839,0.1769,,1.0000,0.0000,0.0000,-0.4956,-0.4956
BTC/USDT,15m,base,full,global,bos,5,breaker161DedupCd,zero,2,1,1,1.0000,0.0000,0.0000,0.4100,0.2050,1,0.4100,0.2050,0,,,1,0.4100,0.2050,0,,,0.3839,0.1769,,1.0000,0.0000,0.0000,-0.4956,-0.4956
BTC/USDT,15m,base,full,global,bos,5,breaker161DedupOp,zero,2,1,1,1.0000,0.0000,0.0000,0.4100,0.2050,1,0.4100,0.2050,0,,,1,0.4100,0.2050,0,,,0.3839,0.1769,,1.0000,0.0000,0.0000,-0.4956,-0.4956
BTC/USDT,15m,base,full,global,bos,5,breaker161DedupLo,zero,2,1,1,1.0000,0.0000,0.0000,0.4100,0.2050,1,0.4100,0.2050,0,,,1,0.4100,0.2050,0,,,0.3839,0.1769,,1.0000,0.0000,0.0000,-0.4956,-0.4956
BTC/USDT,15m,base,full,global,bos,5,oteCombo,zero,3,1,0,0.0000,0.0000,0.0000,,,1,,,0,,,1,,,0,,,,,,0.0000,0.0000,0.0000,,
BTC/USDT,15m,base,full,global,bos,5,deepCombo,zero,3,0,0,,,,,,0,,,0,,,0,,,0,,,,,,,,,,
BTC/USDT,15m,base,full,global,bos,5,breakerCombo,zero,2,1,1,1.0000,0.0000,0.0000,0.4100,0.2050,1,0.4100,0.2050,0,,,1,0.4100,0.2050,0,,,0.3839,0.1769,,1.0000,0.0000,0.0000,-0.4956,-0.4956
BTC/USDT,15m,base,full,global,bos,5,breaker161Combo,zero,2,1,1,1.0000,0.0000,0.0000,0.4100,0.2050,1,0.4100,0.2050,0,,,1,0.4100,0.2050,0,,,0.3839,0.1769,,1.0000,0.0000,0.0000,-0.4956,-0.4956
BTC/USDT,15m,base,full,global,choch,0,ote,zero,2,2,1,0.0000,0.0000,0.5000,-1.0000,-1.0000,1,,,1,-1.0000,-1.0000,1,,,1,-1.0000,-1.0000,-1.0806,-1.0806,0.0000,0.0000,0.0000,0.0000,,
BTC/USDT,15m,base,full,global,choch,0,ote,zero200,2,2,1,0.0000,0.0000,0.5000,-1.0000,-1.0000,1,,,1,-1.0000,-1.0000,1,,,1,-1.0000,-1.0000,-1.0806,-1.0806,0.0000,0.0000,0.0000,0.0000,,
BTC/USDT,15m,base,full,global,choch,0,deep,zero,2,1,1,0.0000,0.0000,1.0000,-1.0000,-1.0000,0,,,1,-1.0000,-1.0000,0,,,1,-1.0000,-1.0000,-1.1665,-1.1665,0.0000,0.0000,0.0000,0.0000,,
BTC/USDT,15m,base,full,global,choch,0,deep,zero200,2,1,1,0.0000,0.0000,1.0000,-1.0000,-1.0000,0,,,1,-1.0000,-1.0000,0,,,1,-1.0000,-1.0000,-1.1665,-1.1665,0.0000,0.0000,0.0000,0.0000,,
BTC/USDT,15m,base,full,global,choch,0,breaker,zero,1,1,1,0.0000,0.0000,1.0000,-1.0000,-1.0000,0,,,1,-1.0000,-1.0000,0,,,1,-1.0000,-1.0000,-1.0632,-1.0632,0.0000,0.0000,0.0000,0.0000,,
BTC/USDT,15m,base,full,global,choch,0,breaker161,zero,1,0,0,,,,,,0,,,0,,,0,,,0,,,,,,,,,,
BTC/USDT,15m,base,full,global,choch,0,breaker200,zero,1,1,1,0.0000,0.0000,1.0000,-1.0000,-1.0000,0,,,1,-1.0000,-1.0000,0,,,1,-1.0000,-1.0000,-1.0632,-1.0632,0.0000,0.0000,0.0000,0.0000,,
BTC/USDT,15m,base,full,global,choch,0,oteRegime,zero,2,2,1,0.0000,0.0000,0.5000,-1.0000,-1.0000,1,,,1,-1.0000,-1.0000,1,,,1,-1.0000,-1.0000,-1.0806,-1.0806,0.0000,0.0000,0.0000,0.0000,,
BTC/USDT,15m,base,full,global,choch,0,deepRegime,zero,2,1,1,0.0000,0.0000,1.0000,-1.0000,-1.0000,0,,,1,-1.0000,-1.0000,0,,,1,-1.0000,-1.0000,-1.1665,-1.1665,0.0000,0.0000,0.0000,0.0000,,
BTC/USDT,15m,base,full,global,choch,0,oteDedupCd,zero,1,1,1,0.0000,0.0000,1.0000,-1.0000,-1.0000,0,,,1,-1.0000,-1.0000,0,,,1,-1.0000,-1.0000,-1.0806,-1.0806,0.0000,0.0000,0.0000,0.0000,,
BTC/USDT,15m,base,full,global,choch,0,oteDedupOp,zero,0,0,0,,,,,,0,,,0,,,0,,,0,,,,,,,,,,
BTC/USDT,15m,base,full,global,choch,0,oteDedupLo,zero,1,1,0,0.0000,0.0000,0.0000,,,1,,,0,,,1,,,0,,,,,,0.0000,0.0000,0.0000,,
BTC/USDT,15m,base,full,global,choch,0,deepDedupCd,zero,2,1,1,0.0000,0.0000,1.0000,-1.0000,-1.0000,0,,,1,-1.0000,-1.0000,0,,,1,-1.0000,-1.0000,-1.1665,-1.1665,0.0000,0.0000,0.0000,0.0000,,
BTC/USDT,15m,base,full,global,choch,0,deepDedupOp,zero,2,1,1,0.0000,0.0000,1.0000,-1.0000,-1.0000,0,,,1,-1.0000,-1.0000,0,,,1,-1.0000,-1.0000,-1.1665,-1.1665,0.0000,0.0000,0.0000,0.0000,,
BTC/USDT,15m,base,full,global,choch,0,deepDedupLo,zero,1,0,0,,,,,,0,,,0,,,0,,,0,,,,,,,,,,
BTC/USDT,15m,base,full,global,choch,0,breakerDedupCd,zero,1,1,1,0.0000,0.0000,1.0000,-1.0000,-1.0000,0,,,1,-1.0000,-1.0000,0,,,1,-1.0000,-1.0000,-1.0632,-1.0632,0.0000,0.0000,0.0000,0.0000,,
BTC/USDT,15m,base,full,global,choch,0,breakerDedupOp,zero,1,1,1,0.0000,0.0000,1.0000,-1.0000,-1.0000,0,,,1,-1.0000,-1.0000,0,,,1,-1.0000,-1.0000,-1.0632,-1.0632,0.0000,0.0000,0.0000,0.0000,,
BTC/USDT,15m,base,full,global,choch,0,breakerDedupLo,zero,1,1,1,0.0000,0.0000,1.0000,-1.0000,-1.0000,0,,,1,-1.0000,-1.0000,0,,,1,-1.0000,-1.0000,-1.0632,-1.0632,0.0000,0.0000,0.0000,0.0000,,
BTC/USDT,15m,base,full,global,choch,0,breaker161DedupCd,zero,1,0,0,,,,,,0,,,0,,,0,,,0,,,,,,,,,,
BTC/USDT,15m,base,full,global,choch,0,breaker161DedupOp,zero,1,0,0,,,,,,0,,,0,,,0,,,0,,,,,,,,,,
BTC/USDT,15m,base,full,global,choch,0,breaker161DedupLo,zero,1,0,0,,,,,,0,,,0,,,0,,,0,,,,,,,,,,
BTC/USDT,15m,base,full,global,choch,0,oteCombo,zero,1,1,1,0.0000,0.0000,1.0000,-1.0000,-1.0000,0,,,1,-1.0000,-1.0000,0,,,1,-1.0000,-1.0000,-1.0806,-1.0806,0.0000,0.0000,0.0000,0.0000,,
BTC/USDT,15m,base,full,global,choch,0,deepCombo,zero,2,1,1,0.0000,0.0000,1.0000,-1.0000,-1.0000,0,,,1,-1.0000,-1.0000,0,,,1,-1.0000,-1.0000,-1.1665,-1.1665,0.0000,0.0000,0.0000,0.0000,,
BTC/USDT,15m,base,full,global,choch,0,breakerCombo,zero,1,1,1,0.0000,0.0000,1.0000,-1.0000,-1.0000,0,,,1,-1.0000,-1.0000,0,,,1,-1.0000,-1.0000,-1.0632,-1.0632,0.0000,0.0000,0.0000,0.0000,,
BTC/USDT,15m,base,full,global,choch,0,breaker161Combo,zero,1,0,0,,,,,,0,,,0,,,0,,,0,,,,,,,,,,
BTC/USDT,15m,base,full,global,choch,5,ote,zero,2,2,1,0.0000,0.0000,0.5000,-1.0000,-1.0000,1,,,1,-1.0000,-1.0000,1,,,1,-1.0000,-1.0000,-1.0806,-1.0806,0.0000,0.0000,0.0000,0.0000,,
BTC/USDT,15m,base,full,global,choch,5,ote,zero200,2,2,1,0.0000,0.0000,0.5000,-1.0000,-1.0000,1,,,1,-1.0000,-1.0000,1,,,1,-1.0000,-1.0000,-1.0806,-1.0806,0.0000,0.0000,0.0000,0.0000,,
BTC/USDT,15m,base,full,global,choch,5,deep,zero,2,1,1,0.0000,0.0000,1.0000,-1.0000,-1.0000,0,,,1,-1.0000,-1.0000,0,,,1,-1.0000,-1.0000,-1.1665,-1.1665,0.0000,0.0000,0.0000,0.0000,,
BTC/USDT,15m,base,full,global,choch,5,deep,zero200,2,1,1,0.0000,0.0000,1.0000,-1.0000,-1.0000,0,,,1,-1.0000,-1.0000,0,,,1,-1.0000,-1.0000,-1.1665,-1.1665,0.0000,0.0000,0.0000,0.0000,,
BTC/USDT,15m,base,full,global,choch,5,breaker,zero,1,1,1,0.0000,0.0000,1.0000,-1.0000,-1.0000,0,,,1,-1.0000,-1.0000,0,,,1,-1.0000,-1.0000,-1.0632,-1.0632,0.0000,0.0000,0.0000,0.0000,,
BTC/USDT,15m,base,full,global,choch,5,breaker161,zero,1,0,0,,,,,,0,,,0,,,0,,,0,,,,,,,,,,
BTC/USDT,15m,base,full,global,choch,5,breaker200,zero,1,1,1,0.0000,0.0000,1.0000,-1.0000,-1.0000,0,,,1,-1.0000,-1.0000,0,,,1,-1.0000,-1.0000,-1.0632,-1.0632,0.0000,0.0000,0.0000,0.0000,,
BTC/USDT,15m,base,full,global,choch,5,oteRegime,zero,2,2,1,0.0000,0.0000,0.5000,-1.0000,-1.0000,1,,,1,-1.0000,-1.0000,1,,,1,-1.0000,-1.0000,-1.0806,-1.0806,0.0000,0.0000,0.0000,0.0000,,
BTC/USDT,15m,base,full,global,choch,5,deepRegime,zero,2,1,1,0.0000,0.0000,1.0000,-1.0000,-1.0000,0,,,1,-1.0000,-1.0000,0,,,1,-1.0000,-1.0000,-1.1665,-1.1665,0.0000,0.0000,0.0000,0.0000,,
BTC/USDT,15m,base,full,global,choch,5,oteDedupCd,zero,1,1,1,0.0000,0.0000,1.0000,-1.0000,-1.0000,0,,,1,-1.0000,-1.0000,0,,,1,-1.0000,-1.0000,-1.0806,-1.0806,0.0000,0.0000,0.0000,0.0000,,
BTC/USDT,15m,base,full,global,choch,5,oteDedupOp,zero,0,0,0,,,,,,0,,,0,,,0,,,0,,,,,,,,,,
BTC/USDT,15m,base,full,global,choch,5,oteDedupLo,zero,1,1,0,0.0000,0.0000,0.0000,,,1,,,0,,,1,,,0,,,,,,0.0000,0.0000,0.0000,,
BTC/USDT,15m,base,full,global,choch,5,deepDedupCd,zero,2,1,1,0.0000,0.0000,1.0000,-1.0000,-1.0000,0,,,1,-1.0000,-1.0000,0,,,1,-1.0000,-1.0000,-1.1665,-1.1665,0.0000,0.0000,0.0000,0.0000,,
BTC/USDT,15m,base,full,global,choch,5,deepDedupOp,zero,2,1,1,0.0000,0.0000,1.0000,-1.0000,-1.0000,0,,,1,-1.0000,-1.0000,0,,,1,-1.0000,-1.0000,-1.1665,-1.1665,0.0000,0.0000,0.0000,0.0000,,
BTC/USDT,15m,base,full,global,choch,5,deepDedupLo,zero,1,0,0,,,,,,0,,,0,,,0,,,0,,,,,,,,,,
BTC/USDT,15m,base,full,global,choch,5,breakerDedupCd,zero,1,1,1,0.0000,0.0000,1.0000,-1.0000,-1.0000,0,,,1,-1.0000,-1.0000,0,,,1,-1.0000,-1.0000,-1.0632,-1.0632,0.0000,0.0000,0.0000,0.0000,,
BTC/USDT,15m,base,full,global,choch,5,breakerDedupOp,zero,1,1,1,0.0000,0.0000,1.0000,-1.0000,-1.0000,0,,,1,-1.0000,-1.0000,0,,,1,-1.0000,-1.0000,-1.0632,-1.0632,0.0000,0.0000,0.0000,0.0000,,
BTC/USDT,15m,base,full,global,choch,5,breakerDedupLo,zero,1,1,1,0.0000,0.0000,1.0000,-1.0000,-1.0000,0,,,1,-1.0000,-1.0000,0,,,1,-1.0000,-1.0000,-1.0632,-1.0632,0.0000,0.0000,0.0000,0.0000,,
BTC/USDT,15m,base,full,global,choch,5,breaker161DedupCd,zero,1,0,0,,,,,,0,,,0,,,0,,,0,,,,,,,,,,
BTC/USDT,15m,base,full,global,choch,5,breaker161DedupOp,zero,1,0,0,,,,,,0,,,0,,,0,,,0,,,,,,,,,,
BTC/USDT,15m,base,full,global,choch,5,breaker161DedupLo,zero,1,0,0,,,,,,0,,,0,,,0,,,0,,,,,,,,,,
BTC/USDT,15m,base,full,global,choch,5,oteCombo,zero,1,1,1,0.0000,0.0000,1.0000,-1.0000,-1.0000,0,,,1,-1.0000,-1.0000,0,,,1,-1.0000,-1.0000,-1.0806,-1.0806,0.0000,0.0000,0.0000,0.0000,,
BTC/USDT,15m,base,full,global,choch,5,deepCombo,zero,2,1,1,0.0000,0.0000,1.0000,-1.0000,-1.0000,0,,,1,-1.0000,-1.0000,0,,,1,-1.0000,-1.0000,-1.1665,-1.1665,0.0000,0.0000,0.0000,0.0000,,
BTC/USDT,15m,base,full,global,choch,5,breakerCombo,zero,1,1,1,0.0000,0.0000,1.0000,-1.0000,-1.0000,0,,,1,-1.0000,-1.0000,0,,,1,-1.0000,-1.0000,-1.0632,-1.0632,0.0000,0.0000,0.0000,0.0000,,
BTC/USDT,15m,base,full,global,choch,5,breaker161Combo,zero,1,0,0,,,,,,0,,,0,,,0,,,0,,,,,,,,,,